1 0 1 1 1 1 1 0 1 0 1 1 1 0 0 1 0 0 1 0 1 0 1 0 0 0 0 1  Knapsack #1
1 1 1 1 1 1 1 1 1 1 1 1 1 1 1 1 1 1 1 0 1 1 1 1 1 1 1 1 1  Knapsack #2

45 0 85 150 65 95 30 0 170 0 40 25 20 0 0 25 0 0 25 0 165 0 85 0 0 0 0 100 =1125
30 20 125 5 80 25 35 73 12 15 15 40 5 10 10 12 10 9 0 20 60 40 50 36 49 40 19 150 = 995

1898 440 22507 270 14148 3100 4650 30800 615 4975
 1160 4225 510 11880 479 440 490 330 110 560
 24355 2885 11748 4550 750 3720 1950 10500


1 0 1 0 1 1 1 0 0 0 0 1 1 0 0 1 0 0 1 0 0 0 1 0 0 0 0 1  91445

45 0 85 0 65 95 30 0 0 0 0 25 20 0 0 25 0 0 25 0 0 0 85 0 0 0 0 100 = 600

1 1 0 1 0 1 1 1 1 1 1 1 1 1 1 1 1 1 1 0 1 1 1 1 1 1 0 1 0 113170

30 20 0 5 0 25 35 73 12 15 15 40 5 10 10 12 10 9 0 20 60 40 50 36 49 0 19 0 =600

K#1+K#2 = 204615

Int [][] partical =. New int[2][28]

Particle[0] = {1 0 1 0 1 1 1 0 0 0 0 1 1 0 0 1 0 0 1 0 0 0 1 0 0 0 0 1}
Particle[1] = { 1 1 0 1 0 1 1 1 1 1 1 1 1 1 1 1 1 1 1 0 1 1 1 1 1 1 0 1 0 }

Float [][] prtcl = new float[][]
